polygons: 400

domain
10;

polygon 1
-9.5 -9.2 -9.2 -9.5 -9.5 -9.8 -9.8 -9.5;

polygon 2
-8.5 -9.2 -8.2 -9.5 -8.5 -9.8 -8.8 -9.5;

polygon 3
-7.5 -9.2 -7.2 -9.5 -7.5 -9.8 -7.8 -9.5;

polygon 4
-6.5 -9.2 -6.2 -9.5 -6.5 -9.8 -6.8 -9.5;

polygon 5
-5.5 -9.2 -5.2 -9.5 -5.5 -9.8 -5.8 -9.5;

polygon 6
-4.5 -9.2 -4.2 -9.5 -4.5 -9.8 -4.8 -9.5;

polygon 7
-3.5 -9.2 -3.2 -9.5 -3.5 -9.8 -3.8 -9.5;

polygon 8
-2.5 -9.2 -2.2 -9.5 -2.5 -9.8 -2.8 -9.5;

polygon 9
-1.5 -9.2 -1.2 -9.5 -1.5 -9.8 -1.8 -9.5;

polygon 10
-0.5 -9.2 -0.2 -9.5 -0.5 -9.8 -0.8 -9.5;

polygon 11
0.5 -9.2 0.8 -9.5 0.5 -9.8 0.2 -9.5;

polygon 12
1.5 -9.2 1.8 -9.5 1.5 -9.8 1.2 -9.5;

polygon 13
2.5 -9.2 2.8 -9.5 2.5 -9.8 2.2 -9.5;

polygon 14
3.5 -9.2 3.8 -9.5 3.5 -9.8 3.2 -9.5;

polygon 15
4.5 -9.2 4.8 -9.5 4.5 -9.8 4.2 -9.5;

polygon 16
5.5 -9.2 5.8 -9.5 5.5 -9.8 5.2 -9.5;

polygon 17
6.5 -9.2 6.8 -9.5 6.5 -9.8 6.2 -9.5;

polygon 18
7.5 -9.2 7.8 -9.5 7.5 -9.8 7.2 -9.5;

polygon 19
8.5 -9.2 8.8 -9.5 8.5 -9.8 8.2 -9.5;

polygon 20
9.5 -9.2 9.8 -9.5 9.5 -9.8 9.2 -9.5;

polygon 21
-9.5 -8.2 -9.2 -8.5 -9.5 -8.8 -9.8 -8.5;

polygon 22
-8.5 -8.2 -8.2 -8.5 -8.5 -8.8 -8.8 -8.5;

polygon 23
-7.5 -8.2 -7.2 -8.5 -7.5 -8.8 -7.8 -8.5;

polygon 24
-6.5 -8.2 -6.2 -8.5 -6.5 -8.8 -6.8 -8.5;

polygon 25
-5.5 -8.2 -5.2 -8.5 -5.5 -8.8 -5.8 -8.5;

polygon 26
-4.5 -8.2 -4.2 -8.5 -4.5 -8.8 -4.8 -8.5;

polygon 27
-3.5 -8.2 -3.2 -8.5 -3.5 -8.8 -3.8 -8.5;

polygon 28
-2.5 -8.2 -2.2 -8.5 -2.5 -8.8 -2.8 -8.5;

polygon 29
-1.5 -8.2 -1.2 -8.5 -1.5 -8.8 -1.8 -8.5;

polygon 30
-0.5 -8.2 -0.2 -8.5 -0.5 -8.8 -0.8 -8.5;

polygon 31
0.5 -8.2 0.8 -8.5 0.5 -8.8 0.2 -8.5;

polygon 32
1.5 -8.2 1.8 -8.5 1.5 -8.8 1.2 -8.5;

polygon 33
2.5 -8.2 2.8 -8.5 2.5 -8.8 2.2 -8.5;

polygon 34
3.5 -8.2 3.8 -8.5 3.5 -8.8 3.2 -8.5;

polygon 35
4.5 -8.2 4.8 -8.5 4.5 -8.8 4.2 -8.5;

polygon 36
5.5 -8.2 5.8 -8.5 5.5 -8.8 5.2 -8.5;

polygon 37
6.5 -8.2 6.8 -8.5 6.5 -8.8 6.2 -8.5;

polygon 38
7.5 -8.2 7.8 -8.5 7.5 -8.8 7.2 -8.5;

polygon 39
8.5 -8.2 8.8 -8.5 8.5 -8.8 8.2 -8.5;

polygon 40
9.5 -8.2 9.8 -8.5 9.5 -8.8 9.2 -8.5;

polygon 41
-9.5 -7.2 -9.2 -7.5 -9.5 -7.8 -9.8 -7.5;

polygon 42
-8.5 -7.2 -8.2 -7.5 -8.5 -7.8 -8.8 -7.5;

polygon 43
-7.5 -7.2 -7.2 -7.5 -7.5 -7.8 -7.8 -7.5;

polygon 44
-6.5 -7.2 -6.2 -7.5 -6.5 -7.8 -6.8 -7.5;

polygon 45
-5.5 -7.2 -5.2 -7.5 -5.5 -7.8 -5.8 -7.5;

polygon 46
-4.5 -7.2 -4.2 -7.5 -4.5 -7.8 -4.8 -7.5;

polygon 47
-3.5 -7.2 -3.2 -7.5 -3.5 -7.8 -3.8 -7.5;

polygon 48
-2.5 -7.2 -2.2 -7.5 -2.5 -7.8 -2.8 -7.5;

polygon 49
-1.5 -7.2 -1.2 -7.5 -1.5 -7.8 -1.8 -7.5;

polygon 50
-0.5 -7.2 -0.2 -7.5 -0.5 -7.8 -0.8 -7.5;

polygon 51
0.5 -7.2 0.8 -7.5 0.5 -7.8 0.2 -7.5;

polygon 52
1.5 -7.2 1.8 -7.5 1.5 -7.8 1.2 -7.5;

polygon 53
2.5 -7.2 2.8 -7.5 2.5 -7.8 2.2 -7.5;

polygon 54
3.5 -7.2 3.8 -7.5 3.5 -7.8 3.2 -7.5;

polygon 55
4.5 -7.2 4.8 -7.5 4.5 -7.8 4.2 -7.5;

polygon 56
5.5 -7.2 5.8 -7.5 5.5 -7.8 5.2 -7.5;

polygon 57
6.5 -7.2 6.8 -7.5 6.5 -7.8 6.2 -7.5;

polygon 58
7.5 -7.2 7.8 -7.5 7.5 -7.8 7.2 -7.5;

polygon 59
8.5 -7.2 8.8 -7.5 8.5 -7.8 8.2 -7.5;

polygon 60
9.5 -7.2 9.8 -7.5 9.5 -7.8 9.2 -7.5;

polygon 61
-9.5 -6.2 -9.2 -6.5 -9.5 -6.8 -9.8 -6.5;

polygon 62
-8.5 -6.2 -8.2 -6.5 -8.5 -6.8 -8.8 -6.5;

polygon 63
-7.5 -6.2 -7.2 -6.5 -7.5 -6.8 -7.8 -6.5;

polygon 64
-6.5 -6.2 -6.2 -6.5 -6.5 -6.8 -6.8 -6.5;

polygon 65
-5.5 -6.2 -5.2 -6.5 -5.5 -6.8 -5.8 -6.5;

polygon 66
-4.5 -6.2 -4.2 -6.5 -4.5 -6.8 -4.8 -6.5;

polygon 67
-3.5 -6.2 -3.2 -6.5 -3.5 -6.8 -3.8 -6.5;

polygon 68
-2.5 -6.2 -2.2 -6.5 -2.5 -6.8 -2.8 -6.5;

polygon 69
-1.5 -6.2 -1.2 -6.5 -1.5 -6.8 -1.8 -6.5;

polygon 70
-0.5 -6.2 -0.2 -6.5 -0.5 -6.8 -0.8 -6.5;

polygon 71
0.5 -6.2 0.8 -6.5 0.5 -6.8 0.2 -6.5;

polygon 72
1.5 -6.2 1.8 -6.5 1.5 -6.8 1.2 -6.5;

polygon 73
2.5 -6.2 2.8 -6.5 2.5 -6.8 2.2 -6.5;

polygon 74
3.5 -6.2 3.8 -6.5 3.5 -6.8 3.2 -6.5;

polygon 75
4.5 -6.2 4.8 -6.5 4.5 -6.8 4.2 -6.5;

polygon 76
5.5 -6.2 5.8 -6.5 5.5 -6.8 5.2 -6.5;

polygon 77
6.5 -6.2 6.8 -6.5 6.5 -6.8 6.2 -6.5;

polygon 78
7.5 -6.2 7.8 -6.5 7.5 -6.8 7.2 -6.5;

polygon 79
8.5 -6.2 8.8 -6.5 8.5 -6.8 8.2 -6.5;

polygon 80
9.5 -6.2 9.8 -6.5 9.5 -6.8 9.2 -6.5;

polygon 81
-9.5 -5.2 -9.2 -5.5 -9.5 -5.8 -9.8 -5.5;

polygon 82
-8.5 -5.2 -8.2 -5.5 -8.5 -5.8 -8.8 -5.5;

polygon 83
-7.5 -5.2 -7.2 -5.5 -7.5 -5.8 -7.8 -5.5;

polygon 84
-6.5 -5.2 -6.2 -5.5 -6.5 -5.8 -6.8 -5.5;

polygon 85
-5.5 -5.2 -5.2 -5.5 -5.5 -5.8 -5.8 -5.5;

polygon 86
-4.5 -5.2 -4.2 -5.5 -4.5 -5.8 -4.8 -5.5;

polygon 87
-3.5 -5.2 -3.2 -5.5 -3.5 -5.8 -3.8 -5.5;

polygon 88
-2.5 -5.2 -2.2 -5.5 -2.5 -5.8 -2.8 -5.5;

polygon 89
-1.5 -5.2 -1.2 -5.5 -1.5 -5.8 -1.8 -5.5;

polygon 90
-0.5 -5.2 -0.2 -5.5 -0.5 -5.8 -0.8 -5.5;

polygon 91
0.5 -5.2 0.8 -5.5 0.5 -5.8 0.2 -5.5;

polygon 92
1.5 -5.2 1.8 -5.5 1.5 -5.8 1.2 -5.5;

polygon 93
2.5 -5.2 2.8 -5.5 2.5 -5.8 2.2 -5.5;

polygon 94
3.5 -5.2 3.8 -5.5 3.5 -5.8 3.2 -5.5;

polygon 95
4.5 -5.2 4.8 -5.5 4.5 -5.8 4.2 -5.5;

polygon 96
5.5 -5.2 5.8 -5.5 5.5 -5.8 5.2 -5.5;

polygon 97
6.5 -5.2 6.8 -5.5 6.5 -5.8 6.2 -5.5;

polygon 98
7.5 -5.2 7.8 -5.5 7.5 -5.8 7.2 -5.5;

polygon 99
8.5 -5.2 8.8 -5.5 8.5 -5.8 8.2 -5.5;

polygon 100
9.5 -5.2 9.8 -5.5 9.5 -5.8 9.2 -5.5;

polygon 101
-9.5 -4.2 -9.2 -4.5 -9.5 -4.8 -9.8 -4.5;

polygon 102
-8.5 -4.2 -8.2 -4.5 -8.5 -4.8 -8.8 -4.5;

polygon 103
-7.5 -4.2 -7.2 -4.5 -7.5 -4.8 -7.8 -4.5;

polygon 104
-6.5 -4.2 -6.2 -4.5 -6.5 -4.8 -6.8 -4.5;

polygon 105
-5.5 -4.2 -5.2 -4.5 -5.5 -4.8 -5.8 -4.5;

polygon 106
-4.5 -4.2 -4.2 -4.5 -4.5 -4.8 -4.8 -4.5;

polygon 107
-3.5 -4.2 -3.2 -4.5 -3.5 -4.8 -3.8 -4.5;

polygon 108
-2.5 -4.2 -2.2 -4.5 -2.5 -4.8 -2.8 -4.5;

polygon 109
-1.5 -4.2 -1.2 -4.5 -1.5 -4.8 -1.8 -4.5;

polygon 110
-0.5 -4.2 -0.2 -4.5 -0.5 -4.8 -0.8 -4.5;

polygon 111
0.5 -4.2 0.8 -4.5 0.5 -4.8 0.2 -4.5;

polygon 112
1.5 -4.2 1.8 -4.5 1.5 -4.8 1.2 -4.5;

polygon 113
2.5 -4.2 2.8 -4.5 2.5 -4.8 2.2 -4.5;

polygon 114
3.5 -4.2 3.8 -4.5 3.5 -4.8 3.2 -4.5;

polygon 115
4.5 -4.2 4.8 -4.5 4.5 -4.8 4.2 -4.5;

polygon 116
5.5 -4.2 5.8 -4.5 5.5 -4.8 5.2 -4.5;

polygon 117
6.5 -4.2 6.8 -4.5 6.5 -4.8 6.2 -4.5;

polygon 118
7.5 -4.2 7.8 -4.5 7.5 -4.8 7.2 -4.5;

polygon 119
8.5 -4.2 8.8 -4.5 8.5 -4.8 8.2 -4.5;

polygon 120
9.5 -4.2 9.8 -4.5 9.5 -4.8 9.2 -4.5;

polygon 121
-9.5 -3.2 -9.2 -3.5 -9.5 -3.8 -9.8 -3.5;

polygon 122
-8.5 -3.2 -8.2 -3.5 -8.5 -3.8 -8.8 -3.5;

polygon 123
-7.5 -3.2 -7.2 -3.5 -7.5 -3.8 -7.8 -3.5;

polygon 124
-6.5 -3.2 -6.2 -3.5 -6.5 -3.8 -6.8 -3.5;

polygon 125
-5.5 -3.2 -5.2 -3.5 -5.5 -3.8 -5.8 -3.5;

polygon 126
-4.5 -3.2 -4.2 -3.5 -4.5 -3.8 -4.8 -3.5;

polygon 127
-3.5 -3.2 -3.2 -3.5 -3.5 -3.8 -3.8 -3.5;

polygon 128
-2.5 -3.2 -2.2 -3.5 -2.5 -3.8 -2.8 -3.5;

polygon 129
-1.5 -3.2 -1.2 -3.5 -1.5 -3.8 -1.8 -3.5;

polygon 130
-0.5 -3.2 -0.2 -3.5 -0.5 -3.8 -0.8 -3.5;

polygon 131
0.5 -3.2 0.8 -3.5 0.5 -3.8 0.2 -3.5;

polygon 132
1.5 -3.2 1.8 -3.5 1.5 -3.8 1.2 -3.5;

polygon 133
2.5 -3.2 2.8 -3.5 2.5 -3.8 2.2 -3.5;

polygon 134
3.5 -3.2 3.8 -3.5 3.5 -3.8 3.2 -3.5;

polygon 135
4.5 -3.2 4.8 -3.5 4.5 -3.8 4.2 -3.5;

polygon 136
5.5 -3.2 5.8 -3.5 5.5 -3.8 5.2 -3.5;

polygon 137
6.5 -3.2 6.8 -3.5 6.5 -3.8 6.2 -3.5;

polygon 138
7.5 -3.2 7.8 -3.5 7.5 -3.8 7.2 -3.5;

polygon 139
8.5 -3.2 8.8 -3.5 8.5 -3.8 8.2 -3.5;

polygon 140
9.5 -3.2 9.8 -3.5 9.5 -3.8 9.2 -3.5;

polygon 141
-9.5 -2.2 -9.2 -2.5 -9.5 -2.8 -9.8 -2.5;

polygon 142
-8.5 -2.2 -8.2 -2.5 -8.5 -2.8 -8.8 -2.5;

polygon 143
-7.5 -2.2 -7.2 -2.5 -7.5 -2.8 -7.8 -2.5;

polygon 144
-6.5 -2.2 -6.2 -2.5 -6.5 -2.8 -6.8 -2.5;

polygon 145
-5.5 -2.2 -5.2 -2.5 -5.5 -2.8 -5.8 -2.5;

polygon 146
-4.5 -2.2 -4.2 -2.5 -4.5 -2.8 -4.8 -2.5;

polygon 147
-3.5 -2.2 -3.2 -2.5 -3.5 -2.8 -3.8 -2.5;

polygon 148
-2.5 -2.2 -2.2 -2.5 -2.5 -2.8 -2.8 -2.5;

polygon 149
-1.5 -2.2 -1.2 -2.5 -1.5 -2.8 -1.8 -2.5;

polygon 150
-0.5 -2.2 -0.2 -2.5 -0.5 -2.8 -0.8 -2.5;

polygon 151
0.5 -2.2 0.8 -2.5 0.5 -2.8 0.2 -2.5;

polygon 152
1.5 -2.2 1.8 -2.5 1.5 -2.8 1.2 -2.5;

polygon 153
2.5 -2.2 2.8 -2.5 2.5 -2.8 2.2 -2.5;

polygon 154
3.5 -2.2 3.8 -2.5 3.5 -2.8 3.2 -2.5;

polygon 155
4.5 -2.2 4.8 -2.5 4.5 -2.8 4.2 -2.5;

polygon 156
5.5 -2.2 5.8 -2.5 5.5 -2.8 5.2 -2.5;

polygon 157
6.5 -2.2 6.8 -2.5 6.5 -2.8 6.2 -2.5;

polygon 158
7.5 -2.2 7.8 -2.5 7.5 -2.8 7.2 -2.5;

polygon 159
8.5 -2.2 8.8 -2.5 8.5 -2.8 8.2 -2.5;

polygon 160
9.5 -2.2 9.8 -2.5 9.5 -2.8 9.2 -2.5;

polygon 161
-9.5 -1.2 -9.2 -1.5 -9.5 -1.8 -9.8 -1.5;

polygon 162
-8.5 -1.2 -8.2 -1.5 -8.5 -1.8 -8.8 -1.5;

polygon 163
-7.5 -1.2 -7.2 -1.5 -7.5 -1.8 -7.8 -1.5;

polygon 164
-6.5 -1.2 -6.2 -1.5 -6.5 -1.8 -6.8 -1.5;

polygon 165
-5.5 -1.2 -5.2 -1.5 -5.5 -1.8 -5.8 -1.5;

polygon 166
-4.5 -1.2 -4.2 -1.5 -4.5 -1.8 -4.8 -1.5;

polygon 167
-3.5 -1.2 -3.2 -1.5 -3.5 -1.8 -3.8 -1.5;

polygon 168
-2.5 -1.2 -2.2 -1.5 -2.5 -1.8 -2.8 -1.5;

polygon 169
-1.5 -1.2 -1.2 -1.5 -1.5 -1.8 -1.8 -1.5;

polygon 170
-0.5 -1.2 -0.2 -1.5 -0.5 -1.8 -0.8 -1.5;

polygon 171
0.5 -1.2 0.8 -1.5 0.5 -1.8 0.2 -1.5;

polygon 172
1.5 -1.2 1.8 -1.5 1.5 -1.8 1.2 -1.5;

polygon 173
2.5 -1.2 2.8 -1.5 2.5 -1.8 2.2 -1.5;

polygon 174
3.5 -1.2 3.8 -1.5 3.5 -1.8 3.2 -1.5;

polygon 175
4.5 -1.2 4.8 -1.5 4.5 -1.8 4.2 -1.5;

polygon 176
5.5 -1.2 5.8 -1.5 5.5 -1.8 5.2 -1.5;

polygon 177
6.5 -1.2 6.8 -1.5 6.5 -1.8 6.2 -1.5;

polygon 178
7.5 -1.2 7.8 -1.5 7.5 -1.8 7.2 -1.5;

polygon 179
8.5 -1.2 8.8 -1.5 8.5 -1.8 8.2 -1.5;

polygon 180
9.5 -1.2 9.8 -1.5 9.5 -1.8 9.2 -1.5;

polygon 181
-9.5 -0.2 -9.2 -0.5 -9.5 -0.8 -9.8 -0.5;

polygon 182
-8.5 -0.2 -8.2 -0.5 -8.5 -0.8 -8.8 -0.5;

polygon 183
-7.5 -0.2 -7.2 -0.5 -7.5 -0.8 -7.8 -0.5;

polygon 184
-6.5 -0.2 -6.2 -0.5 -6.5 -0.8 -6.8 -0.5;

polygon 185
-5.5 -0.2 -5.2 -0.5 -5.5 -0.8 -5.8 -0.5;

polygon 186
-4.5 -0.2 -4.2 -0.5 -4.5 -0.8 -4.8 -0.5;

polygon 187
-3.5 -0.2 -3.2 -0.5 -3.5 -0.8 -3.8 -0.5;

polygon 188
-2.5 -0.2 -2.2 -0.5 -2.5 -0.8 -2.8 -0.5;

polygon 189
-1.5 -0.2 -1.2 -0.5 -1.5 -0.8 -1.8 -0.5;

polygon 190
-0.5 -0.2 -0.2 -0.5 -0.5 -0.8 -0.8 -0.5;

polygon 191
0.5 -0.2 0.8 -0.5 0.5 -0.8 0.2 -0.5;

polygon 192
1.5 -0.2 1.8 -0.5 1.5 -0.8 1.2 -0.5;

polygon 193
2.5 -0.2 2.8 -0.5 2.5 -0.8 2.2 -0.5;

polygon 194
3.5 -0.2 3.8 -0.5 3.5 -0.8 3.2 -0.5;

polygon 195
4.5 -0.2 4.8 -0.5 4.5 -0.8 4.2 -0.5;

polygon 196
5.5 -0.2 5.8 -0.5 5.5 -0.8 5.2 -0.5;

polygon 197
6.5 -0.2 6.8 -0.5 6.5 -0.8 6.2 -0.5;

polygon 198
7.5 -0.2 7.8 -0.5 7.5 -0.8 7.2 -0.5;

polygon 199
8.5 -0.2 8.8 -0.5 8.5 -0.8 8.2 -0.5;

polygon 200
9.5 -0.2 9.8 -0.5 9.5 -0.8 9.2 -0.5;

polygon 201
-9.5 0.8 -9.2 0.5 -9.5 0.2 -9.8 0.5;

polygon 202
-8.5 0.8 -8.2 0.5 -8.5 0.2 -8.8 0.5;

polygon 203
-7.5 0.8 -7.2 0.5 -7.5 0.2 -7.8 0.5;

polygon 204
-6.5 0.8 -6.2 0.5 -6.5 0.2 -6.8 0.5;

polygon 205
-5.5 0.8 -5.2 0.5 -5.5 0.2 -5.8 0.5;

polygon 206
-4.5 0.8 -4.2 0.5 -4.5 0.2 -4.8 0.5;

polygon 207
-3.5 0.8 -3.2 0.5 -3.5 0.2 -3.8 0.5;

polygon 208
-2.5 0.8 -2.2 0.5 -2.5 0.2 -2.8 0.5;

polygon 209
-1.5 0.8 -1.2 0.5 -1.5 0.2 -1.8 0.5;

polygon 210
-0.5 0.8 -0.2 0.5 -0.5 0.2 -0.8 0.5;

polygon 211
0.5 0.8 0.8 0.5 0.5 0.2 0.2 0.5;

polygon 212
1.5 0.8 1.8 0.5 1.5 0.2 1.2 0.5;

polygon 213
2.5 0.8 2.8 0.5 2.5 0.2 2.2 0.5;

polygon 214
3.5 0.8 3.8 0.5 3.5 0.2 3.2 0.5;

polygon 215
4.5 0.8 4.8 0.5 4.5 0.2 4.2 0.5;

polygon 216
5.5 0.8 5.8 0.5 5.5 0.2 5.2 0.5;

polygon 217
6.5 0.8 6.8 0.5 6.5 0.2 6.2 0.5;

polygon 218
7.5 0.8 7.8 0.5 7.5 0.2 7.2 0.5;

polygon 219
8.5 0.8 8.8 0.5 8.5 0.2 8.2 0.5;

polygon 220
9.5 0.8 9.8 0.5 9.5 0.2 9.2 0.5;

polygon 221
-9.5 1.8 -9.2 1.5 -9.5 1.2 -9.8 1.5;

polygon 222
-8.5 1.8 -8.2 1.5 -8.5 1.2 -8.8 1.5;

polygon 223
-7.5 1.8 -7.2 1.5 -7.5 1.2 -7.8 1.5;

polygon 224
-6.5 1.8 -6.2 1.5 -6.5 1.2 -6.8 1.5;

polygon 225
-5.5 1.8 -5.2 1.5 -5.5 1.2 -5.8 1.5;

polygon 226
-4.5 1.8 -4.2 1.5 -4.5 1.2 -4.8 1.5;

polygon 227
-3.5 1.8 -3.2 1.5 -3.5 1.2 -3.8 1.5;

polygon 228
-2.5 1.8 -2.2 1.5 -2.5 1.2 -2.8 1.5;

polygon 229
-1.5 1.8 -1.2 1.5 -1.5 1.2 -1.8 1.5;

polygon 230
-0.5 1.8 -0.2 1.5 -0.5 1.2 -0.8 1.5;

polygon 231
0.5 1.8 0.8 1.5 0.5 1.2 0.2 1.5;

polygon 232
1.5 1.8 1.8 1.5 1.5 1.2 1.2 1.5;

polygon 233
2.5 1.8 2.8 1.5 2.5 1.2 2.2 1.5;

polygon 234
3.5 1.8 3.8 1.5 3.5 1.2 3.2 1.5;

polygon 235
4.5 1.8 4.8 1.5 4.5 1.2 4.2 1.5;

polygon 236
5.5 1.8 5.8 1.5 5.5 1.2 5.2 1.5;

polygon 237
6.5 1.8 6.8 1.5 6.5 1.2 6.2 1.5;

polygon 238
7.5 1.8 7.8 1.5 7.5 1.2 7.2 1.5;

polygon 239
8.5 1.8 8.8 1.5 8.5 1.2 8.2 1.5;

polygon 240
9.5 1.8 9.8 1.5 9.5 1.2 9.2 1.5;

polygon 241
-9.5 2.8 -9.2 2.5 -9.5 2.2 -9.8 2.5;

polygon 242
-8.5 2.8 -8.2 2.5 -8.5 2.2 -8.8 2.5;

polygon 243
-7.5 2.8 -7.2 2.5 -7.5 2.2 -7.8 2.5;

polygon 244
-6.5 2.8 -6.2 2.5 -6.5 2.2 -6.8 2.5;

polygon 245
-5.5 2.8 -5.2 2.5 -5.5 2.2 -5.8 2.5;

polygon 246
-4.5 2.8 -4.2 2.5 -4.5 2.2 -4.8 2.5;

polygon 247
-3.5 2.8 -3.2 2.5 -3.5 2.2 -3.8 2.5;

polygon 248
-2.5 2.8 -2.2 2.5 -2.5 2.2 -2.8 2.5;

polygon 249
-1.5 2.8 -1.2 2.5 -1.5 2.2 -1.8 2.5;

polygon 250
-0.5 2.8 -0.2 2.5 -0.5 2.2 -0.8 2.5;

polygon 251
0.5 2.8 0.8 2.5 0.5 2.2 0.2 2.5;

polygon 252
1.5 2.8 1.8 2.5 1.5 2.2 1.2 2.5;

polygon 253
2.5 2.8 2.8 2.5 2.5 2.2 2.2 2.5;

polygon 254
3.5 2.8 3.8 2.5 3.5 2.2 3.2 2.5;

polygon 255
4.5 2.8 4.8 2.5 4.5 2.2 4.2 2.5;

polygon 256
5.5 2.8 5.8 2.5 5.5 2.2 5.2 2.5;

polygon 257
6.5 2.8 6.8 2.5 6.5 2.2 6.2 2.5;

polygon 258
7.5 2.8 7.8 2.5 7.5 2.2 7.2 2.5;

polygon 259
8.5 2.8 8.8 2.5 8.5 2.2 8.2 2.5;

polygon 260
9.5 2.8 9.8 2.5 9.5 2.2 9.2 2.5;

polygon 261
-9.5 3.8 -9.2 3.5 -9.5 3.2 -9.8 3.5;

polygon 262
-8.5 3.8 -8.2 3.5 -8.5 3.2 -8.8 3.5;

polygon 263
-7.5 3.8 -7.2 3.5 -7.5 3.2 -7.8 3.5;

polygon 264
-6.5 3.8 -6.2 3.5 -6.5 3.2 -6.8 3.5;

polygon 265
-5.5 3.8 -5.2 3.5 -5.5 3.2 -5.8 3.5;

polygon 266
-4.5 3.8 -4.2 3.5 -4.5 3.2 -4.8 3.5;

polygon 267
-3.5 3.8 -3.2 3.5 -3.5 3.2 -3.8 3.5;

polygon 268
-2.5 3.8 -2.2 3.5 -2.5 3.2 -2.8 3.5;

polygon 269
-1.5 3.8 -1.2 3.5 -1.5 3.2 -1.8 3.5;

polygon 270
-0.5 3.8 -0.2 3.5 -0.5 3.2 -0.8 3.5;

polygon 271
0.5 3.8 0.8 3.5 0.5 3.2 0.2 3.5;

polygon 272
1.5 3.8 1.8 3.5 1.5 3.2 1.2 3.5;

polygon 273
2.5 3.8 2.8 3.5 2.5 3.2 2.2 3.5;

polygon 274
3.5 3.8 3.8 3.5 3.5 3.2 3.2 3.5;

polygon 275
4.5 3.8 4.8 3.5 4.5 3.2 4.2 3.5;

polygon 276
5.5 3.8 5.8 3.5 5.5 3.2 5.2 3.5;

polygon 277
6.5 3.8 6.8 3.5 6.5 3.2 6.2 3.5;

polygon 278
7.5 3.8 7.8 3.5 7.5 3.2 7.2 3.5;

polygon 279
8.5 3.8 8.8 3.5 8.5 3.2 8.2 3.5;

polygon 280
9.5 3.8 9.8 3.5 9.5 3.2 9.2 3.5;

polygon 281
-9.5 4.8 -9.2 4.5 -9.5 4.2 -9.8 4.5;

polygon 282
-8.5 4.8 -8.2 4.5 -8.5 4.2 -8.8 4.5;

polygon 283
-7.5 4.8 -7.2 4.5 -7.5 4.2 -7.8 4.5;

polygon 284
-6.5 4.8 -6.2 4.5 -6.5 4.2 -6.8 4.5;

polygon 285
-5.5 4.8 -5.2 4.5 -5.5 4.2 -5.8 4.5;

polygon 286
-4.5 4.8 -4.2 4.5 -4.5 4.2 -4.8 4.5;

polygon 287
-3.5 4.8 -3.2 4.5 -3.5 4.2 -3.8 4.5;

polygon 288
-2.5 4.8 -2.2 4.5 -2.5 4.2 -2.8 4.5;

polygon 289
-1.5 4.8 -1.2 4.5 -1.5 4.2 -1.8 4.5;

polygon 290
-0.5 4.8 -0.2 4.5 -0.5 4.2 -0.8 4.5;

polygon 291
0.5 4.8 0.8 4.5 0.5 4.2 0.2 4.5;

polygon 292
1.5 4.8 1.8 4.5 1.5 4.2 1.2 4.5;

polygon 293
2.5 4.8 2.8 4.5 2.5 4.2 2.2 4.5;

polygon 294
3.5 4.8 3.8 4.5 3.5 4.2 3.2 4.5;

polygon 295
4.5 4.8 4.8 4.5 4.5 4.2 4.2 4.5;

polygon 296
5.5 4.8 5.8 4.5 5.5 4.2 5.2 4.5;

polygon 297
6.5 4.8 6.8 4.5 6.5 4.2 6.2 4.5;

polygon 298
7.5 4.8 7.8 4.5 7.5 4.2 7.2 4.5;

polygon 299
8.5 4.8 8.8 4.5 8.5 4.2 8.2 4.5;

polygon 300
9.5 4.8 9.8 4.5 9.5 4.2 9.2 4.5;

polygon 301
-9.5 5.8 -9.2 5.5 -9.5 5.2 -9.8 5.5;

polygon 302
-8.5 5.8 -8.2 5.5 -8.5 5.2 -8.8 5.5;

polygon 303
-7.5 5.8 -7.2 5.5 -7.5 5.2 -7.8 5.5;

polygon 304
-6.5 5.8 -6.2 5.5 -6.5 5.2 -6.8 5.5;

polygon 305
-5.5 5.8 -5.2 5.5 -5.5 5.2 -5.8 5.5;

polygon 306
-4.5 5.8 -4.2 5.5 -4.5 5.2 -4.8 5.5;

polygon 307
-3.5 5.8 -3.2 5.5 -3.5 5.2 -3.8 5.5;

polygon 308
-2.5 5.8 -2.2 5.5 -2.5 5.2 -2.8 5.5;

polygon 309
-1.5 5.8 -1.2 5.5 -1.5 5.2 -1.8 5.5;

polygon 310
-0.5 5.8 -0.2 5.5 -0.5 5.2 -0.8 5.5;

polygon 311
0.5 5.8 0.8 5.5 0.5 5.2 0.2 5.5;

polygon 312
1.5 5.8 1.8 5.5 1.5 5.2 1.2 5.5;

polygon 313
2.5 5.8 2.8 5.5 2.5 5.2 2.2 5.5;

polygon 314
3.5 5.8 3.8 5.5 3.5 5.2 3.2 5.5;

polygon 315
4.5 5.8 4.8 5.5 4.5 5.2 4.2 5.5;

polygon 316
5.5 5.8 5.8 5.5 5.5 5.2 5.2 5.5;

polygon 317
6.5 5.8 6.8 5.5 6.5 5.2 6.2 5.5;

polygon 318
7.5 5.8 7.8 5.5 7.5 5.2 7.2 5.5;

polygon 319
8.5 5.8 8.8 5.5 8.5 5.2 8.2 5.5;

polygon 320
9.5 5.8 9.8 5.5 9.5 5.2 9.2 5.5;

polygon 321
-9.5 6.8 -9.2 6.5 -9.5 6.2 -9.8 6.5;

polygon 322
-8.5 6.8 -8.2 6.5 -8.5 6.2 -8.8 6.5;

polygon 323
-7.5 6.8 -7.2 6.5 -7.5 6.2 -7.8 6.5;

polygon 324
-6.5 6.8 -6.2 6.5 -6.5 6.2 -6.8 6.5;

polygon 325
-5.5 6.8 -5.2 6.5 -5.5 6.2 -5.8 6.5;

polygon 326
-4.5 6.8 -4.2 6.5 -4.5 6.2 -4.8 6.5;

polygon 327
-3.5 6.8 -3.2 6.5 -3.5 6.2 -3.8 6.5;

polygon 328
-2.5 6.8 -2.2 6.5 -2.5 6.2 -2.8 6.5;

polygon 329
-1.5 6.8 -1.2 6.5 -1.5 6.2 -1.8 6.5;

polygon 330
-0.5 6.8 -0.2 6.5 -0.5 6.2 -0.8 6.5;

polygon 331
0.5 6.8 0.8 6.5 0.5 6.2 0.2 6.5;

polygon 332
1.5 6.8 1.8 6.5 1.5 6.2 1.2 6.5;

polygon 333
2.5 6.8 2.8 6.5 2.5 6.2 2.2 6.5;

polygon 334
3.5 6.8 3.8 6.5 3.5 6.2 3.2 6.5;

polygon 335
4.5 6.8 4.8 6.5 4.5 6.2 4.2 6.5;

polygon 336
5.5 6.8 5.8 6.5 5.5 6.2 5.2 6.5;

polygon 337
6.5 6.8 6.8 6.5 6.5 6.2 6.2 6.5;

polygon 338
7.5 6.8 7.8 6.5 7.5 6.2 7.2 6.5;

polygon 339
8.5 6.8 8.8 6.5 8.5 6.2 8.2 6.5;

polygon 340
9.5 6.8 9.8 6.5 9.5 6.2 9.2 6.5;

polygon 341
-9.5 7.8 -9.2 7.5 -9.5 7.2 -9.8 7.5;

polygon 342
-8.5 7.8 -8.2 7.5 -8.5 7.2 -8.8 7.5;

polygon 343
-7.5 7.8 -7.2 7.5 -7.5 7.2 -7.8 7.5;

polygon 344
-6.5 7.8 -6.2 7.5 -6.5 7.2 -6.8 7.5;

polygon 345
-5.5 7.8 -5.2 7.5 -5.5 7.2 -5.8 7.5;

polygon 346
-4.5 7.8 -4.2 7.5 -4.5 7.2 -4.8 7.5;

polygon 347
-3.5 7.8 -3.2 7.5 -3.5 7.2 -3.8 7.5;

polygon 348
-2.5 7.8 -2.2 7.5 -2.5 7.2 -2.8 7.5;

polygon 349
-1.5 7.8 -1.2 7.5 -1.5 7.2 -1.8 7.5;

polygon 350
-0.5 7.8 -0.2 7.5 -0.5 7.2 -0.8 7.5;

polygon 351
0.5 7.8 0.8 7.5 0.5 7.2 0.2 7.5;

polygon 352
1.5 7.8 1.8 7.5 1.5 7.2 1.2 7.5;

polygon 353
2.5 7.8 2.8 7.5 2.5 7.2 2.2 7.5;

polygon 354
3.5 7.8 3.8 7.5 3.5 7.2 3.2 7.5;

polygon 355
4.5 7.8 4.8 7.5 4.5 7.2 4.2 7.5;

polygon 356
5.5 7.8 5.8 7.5 5.5 7.2 5.2 7.5;

polygon 357
6.5 7.8 6.8 7.5 6.5 7.2 6.2 7.5;

polygon 358
7.5 7.8 7.8 7.5 7.5 7.2 7.2 7.5;

polygon 359
8.5 7.8 8.8 7.5 8.5 7.2 8.2 7.5;

polygon 360
9.5 7.8 9.8 7.5 9.5 7.2 9.2 7.5;

polygon 361
-9.5 8.8 -9.2 8.5 -9.5 8.2 -9.8 8.5;

polygon 362
-8.5 8.8 -8.2 8.5 -8.5 8.2 -8.8 8.5;

polygon 363
-7.5 8.8 -7.2 8.5 -7.5 8.2 -7.8 8.5;

polygon 364
-6.5 8.8 -6.2 8.5 -6.5 8.2 -6.8 8.5;

polygon 365
-5.5 8.8 -5.2 8.5 -5.5 8.2 -5.8 8.5;

polygon 366
-4.5 8.8 -4.2 8.5 -4.5 8.2 -4.8 8.5;

polygon 367
-3.5 8.8 -3.2 8.5 -3.5 8.2 -3.8 8.5;

polygon 368
-2.5 8.8 -2.2 8.5 -2.5 8.2 -2.8 8.5;

polygon 369
-1.5 8.8 -1.2 8.5 -1.5 8.2 -1.8 8.5;

polygon 370
-0.5 8.8 -0.2 8.5 -0.5 8.2 -0.8 8.5;

polygon 371
0.5 8.8 0.8 8.5 0.5 8.2 0.2 8.5;

polygon 372
1.5 8.8 1.8 8.5 1.5 8.2 1.2 8.5;

polygon 373
2.5 8.8 2.8 8.5 2.5 8.2 2.2 8.5;

polygon 374
3.5 8.8 3.8 8.5 3.5 8.2 3.2 8.5;

polygon 375
4.5 8.8 4.8 8.5 4.5 8.2 4.2 8.5;

polygon 376
5.5 8.8 5.8 8.5 5.5 8.2 5.2 8.5;

polygon 377
6.5 8.8 6.8 8.5 6.5 8.2 6.2 8.5;

polygon 378
7.5 8.8 7.8 8.5 7.5 8.2 7.2 8.5;

polygon 379
8.5 8.8 8.8 8.5 8.5 8.2 8.2 8.5;

polygon 380
9.5 8.8 9.8 8.5 9.5 8.2 9.2 8.5;

polygon 381
-9.5 9.8 -9.2 9.5 -9.5 9.2 -9.8 9.5;

polygon 382
-8.5 9.8 -8.2 9.5 -8.5 9.2 -8.8 9.5;

polygon 383
-7.5 9.8 -7.2 9.5 -7.5 9.2 -7.8 9.5;

polygon 384
-6.5 9.8 -6.2 9.5 -6.5 9.2 -6.8 9.5;

polygon 385
-5.5 9.8 -5.2 9.5 -5.5 9.2 -5.8 9.5;

polygon 386
-4.5 9.8 -4.2 9.5 -4.5 9.2 -4.8 9.5;

polygon 387
-3.5 9.8 -3.2 9.5 -3.5 9.2 -3.8 9.5;

polygon 388
-2.5 9.8 -2.2 9.5 -2.5 9.2 -2.8 9.5;

polygon 389
-1.5 9.8 -1.2 9.5 -1.5 9.2 -1.8 9.5;

polygon 390
-0.5 9.8 -0.2 9.5 -0.5 9.2 -0.8 9.5;

polygon 391
0.5 9.8 0.8 9.5 0.5 9.2 0.2 9.5;

polygon 392
1.5 9.8 1.8 9.5 1.5 9.2 1.2 9.5;

polygon 393
2.5 9.8 2.8 9.5 2.5 9.2 2.2 9.5;

polygon 394
3.5 9.8 3.8 9.5 3.5 9.2 3.2 9.5;

polygon 395
4.5 9.8 4.8 9.5 4.5 9.2 4.2 9.5;

polygon 396
5.5 9.8 5.8 9.5 5.5 9.2 5.2 9.5;

polygon 397
6.5 9.8 6.8 9.5 6.5 9.2 6.2 9.5;

polygon 398
7.5 9.8 7.8 9.5 7.5 9.2 7.2 9.5;

polygon 399
8.5 9.8 8.8 9.5 8.5 9.2 8.2 9.5;

polygon 400
9.5 9.8 9.8 9.5 9.5 9.2 9.2 9.5;

