polygons: 1

domain
2;

source 0
0. 0;

polygon 1
-1.76094 1.82512 -1.9509 1.82512 -1.89443 -1.84565 1.86362 -1.83539 1.85335 1.87646 -1.49398 1.79431 -1.48884 -1.38873 1.42724 -1.36306 1.35536 1.56329 -1.19108 1.52222 -1.15514 -0.998553 1.09866 -0.936945 0.960048 1.12177 -0.816298 1.06529 -0.775226 -0.423551 0.616074 -0.336274 0.564734 0.808597 -0.308037 0.752124 -0.302903 0.11038 0.236162 0.177121 0.200224 0.408149 -0.082143 0.397881 -0.0821431 0.577569 0.374778 0.603239 0.379912 -0.100112 -0.482591 -0.130916 -0.518529 0.875338 0.718752 0.931812 0.847101 -0.716186 -0.883039 -0.798329 -0.965182 1.24498 1.01139 1.35793 1.18081 -1.1115 -1.27835 -1.19878 -1.30402 1.6711 1.60693 1.73784 1.64286 -1.59922 -1.73527 -1.67623;

